187
194934 47086
186934 29086
186934 30086
186934 31086
186934 32086
186934 33086
186934 34086
186934 35086
186934 36086
186934 37086
186934 38086
186934 39086
186934 40086
186934 41086
186934 42086
186934 43086
186934 44086
186934 45086
186934 46086
186934 47086
186934 48086
186934 49086
187934 29086
187934 30086
187934 31086
187934 32086
187934 33086
187934 34086
187934 35086
187934 36086
187934 37086
187934 38086
187934 39086
187934 40086
187934 41086
187934 42086
187934 43086
187934 44086
187934 45086
187934 46086
187934 47086
187934 48086
188934 28086
188934 29086
188934 30086
188934 31086
188934 32086
188934 33086
188934 34086
188934 35086
188934 36086
188934 37086
188934 38086
188934 39086
188934 40086
188934 41086
188934 42086
188934 43086
188934 44086
188934 45086
188934 46086
188934 47086
188934 48086
189934 28086
189934 29086
189934 30086
189934 31086
189934 32086
189934 33086
189934 34086
189934 35086
189934 36086
189934 37086
189934 38086
189934 39086
189934 40086
189934 41086
189934 42086
189934 43086
189934 44086
189934 45086
189934 46086
189934 47086
189934 48086
190934 28086
190934 29086
190934 30086
190934 31086
190934 32086
190934 33086
190934 34086
190934 35086
190934 36086
190934 37086
190934 38086
190934 39086
190934 40086
190934 41086
190934 42086
190934 43086
190934 44086
190934 45086
190934 46086
190934 47086
190934 48086
191934 28086
191934 29086
191934 30086
191934 31086
191934 32086
191934 33086
191934 34086
191934 35086
191934 36086
191934 37086
191934 38086
191934 39086
191934 40086
191934 41086
191934 42086
191934 43086
191934 44086
191934 45086
191934 46086
191934 47086
191934 48086
192934 30086
192934 31086
192934 32086
192934 33086
192934 34086
192934 35086
192934 36086
192934 37086
192934 38086
192934 39086
192934 40086
192934 41086
192934 42086
192934 43086
192934 44086
192934 45086
192934 46086
192934 47086
192934 48086
193934 28086
193934 29086
193934 38086
193934 39086
193934 40086
193934 41086
193934 42086
193934 43086
193934 44086
193934 45086
193934 46086
193934 47086
193934 48086
194934 39086
194934 40086
194934 41086
194934 42086
194934 43086
194934 44086
194934 45086
194934 46086
194934 47086
194934 48086
195934 39086
195934 40086
195934 41086
195934 42086
195934 43086
195934 44086
195934 45086
195934 46086
195934 47086
195934 48086
196934 39086
196934 40086
196934 41086
196934 42086
196934 43086
196934 44086
196934 45086
196934 46086
196934 47086
196934 48086
218
195934 38086
186934 21086
186934 22086
186934 23086
186934 24086
186934 25086
186934 26086
186934 27086
186934 28086
187934 20086
187934 21086
187934 22086
187934 23086
187934 24086
187934 25086
187934 26086
187934 27086
187934 28086
188934 22086
188934 23086
188934 24086
188934 25086
188934 26086
188934 27086
189934 25086
189934 26086
189934 27086
190934 27086
192934 29086
193934 30086
193934 31086
193934 32086
193934 33086
193934 34086
193934 35086
193934 36086
193934 37086
194934 30086
194934 31086
194934 32086
194934 33086
194934 34086
194934 35086
194934 36086
194934 37086
194934 38086
195934 30086
195934 31086
195934 32086
195934 33086
195934 34086
195934 35086
195934 36086
195934 37086
195934 38086
196934 30086
196934 31086
196934 32086
196934 33086
196934 34086
196934 35086
196934 36086
196934 37086
196934 38086
405
187934 37086
186934 8086
186934 12086
186934 13086
186934 16086
186934 17086
186934 18086
186934 19086
186934 20086
187934 7086
187934 8086
187934 9086
187934 10086
187934 11086
187934 12086
187934 13086
187934 14086
187934 15086
187934 16086
187934 17086
187934 18086
187934 19086
188934 8086
188934 9086
188934 10086
188934 11086
188934 12086
188934 13086
188934 14086
188934 15086
188934 16086
188934 17086
188934 18086
188934 19086
188934 20086
188934 21086
189934 8086
189934 9086
189934 10086
189934 11086
189934 12086
189934 13086
189934 14086
189934 15086
189934 16086
189934 17086
189934 18086
189934 19086
189934 20086
189934 21086
189934 22086
189934 23086
189934 24086
190934 8086
190934 9086
190934 10086
190934 11086
190934 12086
190934 13086
190934 14086
190934 15086
190934 16086
190934 17086
190934 18086
190934 19086
190934 20086
190934 21086
190934 22086
190934 23086
190934 24086
190934 25086
190934 26086
191934 8086
191934 9086
191934 10086
191934 11086
191934 12086
191934 13086
191934 14086
191934 15086
191934 16086
191934 17086
191934 18086
191934 19086
191934 20086
191934 21086
191934 22086
191934 23086
191934 24086
191934 25086
191934 26086
191934 27086
192934 8086
192934 9086
192934 10086
192934 11086
192934 12086
192934 13086
192934 14086
192934 15086
192934 16086
192934 17086
192934 18086
192934 19086
192934 20086
192934 21086
192934 22086
192934 23086
192934 24086
192934 25086
192934 26086
192934 27086
192934 28086
193934 8086
193934 9086
193934 10086
193934 11086
193934 12086
193934 13086
193934 14086
193934 15086
193934 16086
193934 17086
193934 18086
193934 19086
193934 20086
193934 21086
193934 22086
193934 23086
193934 24086
193934 25086
193934 26086
193934 27086
194934 8086
194934 9086
194934 10086
194934 11086
194934 12086
194934 13086
194934 14086
194934 15086
194934 16086
194934 17086
194934 18086
194934 19086
194934 20086
194934 21086
194934 22086
194934 23086
194934 24086
194934 25086
194934 26086
194934 27086
194934 28086
194934 29086
195934 9086
195934 25086
195934 26086
195934 27086
196934 25086
196934 26086
409
194934 28086
185934 3086
185934 4086
185934 5086
185934 6086
185934 7086
185934 8086
185934 9086
185934 10086
185934 11086
185934 12086
185934 13086
185934 14086
185934 15086
185934 16086
186934 3086
186934 4086
186934 5086
186934 6086
186934 7086
187934 3086
187934 4086
187934 5086
187934 6086
188934 3086
188934 4086
188934 5086
188934 6086
188934 7086
189934 3086
189934 4086
189934 5086
189934 6086
189934 7086
190934 3086
190934 4086
190934 5086
190934 6086
190934 7086
191934 3086
191934 4086
191934 5086
191934 6086
191934 7086
192934 3086
192934 4086
192934 5086
192934 6086
192934 7086
193934 3086
193934 4086
193934 5086
193934 6086
193934 7086
194934 3086
194934 4086
194934 5086
194934 6086
194934 7086
195934 28086
195934 29086
196934 27086
196934 28086
196934 29086
459
187934 28086
195934 3086
195934 4086
195934 5086
195934 6086
195934 7086
195934 8086
195934 10086
195934 13086
195934 14086
196934 3086
196934 4086
196934 5086
196934 6086
196934 7086
196934 13086
197934 3086
197934 4086
197934 5086
433
186934 16086
185934 17086
195934 11086
195934 12086
195934 15086
196934 8086
196934 9086
196934 10086
196934 11086
196934 14086
196934 15086
197934 6086
197934 7086
197934 8086
197934 9086
320
187934 4086
196934 12086
197934 10086
300
195934 4086
420
193934 16086
